71.33333333333333
33.666666666666664
75.66666666666667
56.666666666666664
58.0
51.0
39.333333333333336
68.0
71.33333333333333
34.333333333333336
61.0
49.0
83.33333333333333
57.333333333333336
85.0
69.33333333333333
54.666666666666664
46.666666666666664
41.666666666666664
61.0
66.0
57.0
73.33333333333333
80.66666666666667
56.0
54.666666666666664
30.666666666666668
81.33333333333333
73.0
61.0
77.0
80.66666666666667
62.666666666666664
88.0
57.666666666666664
71.0
70.33333333333333
64.66666666666667
61.333333333333336
58.0
36.666666666666664
55.0
51.666666666666664
61.666666666666664
58.333333333333336
58.0
55.0
54.666666666666664
85.33333333333333
76.0
65.0
67.33333333333333
55.0
66.66666666666667
40.666666666666664
57.0
49.0
82.33333333333333
83.33333333333333
53.0
56.0
67.33333333333333
50.666666666666664
41.0
44.0
61.0
74.66666666666667
50.0
71.66666666666667
53.333333333333336
52.666666666666664
48.666666666666664
69.33333333333333
54.666666666666664
66.66666666666667
88.66666666666667
70.66666666666667
77.33333333333333
70.0
70.66666666666667
71.33333333333333
59.0
84.66666666666667
78.0
61.0
55.666666666666664
63.333333333333336
41.0
87.66666666666667
80.33333333333333
67.33333333333333
51.333333333333336
76.33333333333333
58.333333333333336
85.66666666666667
47.666666666666664
56.0
68.33333333333333
41.666666666666664
39.0
55.0
73.66666666666667
56.666666666666664
44.666666666666664
46.0
61.0
77.0
66.0
62.0
60.333333333333336
57.0
54.0
67.0
48.333333333333336
59.333333333333336
74.66666666666667
32.666666666666664
45.666666666666664
57.0
51.0
54.333333333333336
58.333333333333336
65.66666666666667
68.0
79.66666666666667
59.666666666666664
75.66666666666667
73.0
47.333333333333336
87.33333333333333
64.33333333333333
75.33333333333333
74.33333333333333
54.0
64.0
76.0
59.0
70.0
66.33333333333333
57.333333333333336
58.0
57.333333333333336
64.66666666666667
87.66666666666667
42.0
53.666666666666664
47.333333333333336
51.666666666666664
55.666666666666664
52.0
80.0
71.0
51.333333333333336
70.66666666666667
41.333333333333336
56.666666666666664
68.66666666666667
68.0
44.0
55.0
69.0
47.0
49.666666666666664
78.33333333333333
40.0
56.666666666666664
46.666666666666664
30.666666666666668
97.66666666666667
60.333333333333336
63.0
70.0
60.99418604651163 61.97674418604651 61.598837209302324 